1210
1714
159
643
58
709
398
733
521
1299
1969
1997
1680
455
646
1384
382
492
1661
752
1091
1452
1258
162
1009
1491
1118
1980
1784
1692
871
404
203
629
1167
1674
826
245
963
470
1116
767
1228
1441
1271
1592
131
1879
644
424
1239
1149
625
290
1367
1314
1782
1594
1948
995
392
545
619
56
173
194
1352
1422
1334
1270
1827
1607
1323
814
1858
1848
1055
1615
570
1366
1704
603
1643
113
1656
552
825
772
1252
800
406
1901
1633
866
1914
662
435
205
982
631
962
306
1832
1779
1686
978
1493
137
1558
905
1527
489
555
830
1103
660
1170
843
574
891
786
1862
701
1285
975
1345
1817
1942
1796
1652
1371
1683
1978
416
1161
150
959
1056
1300
601
599
887
63
1335
624
230
1165
839
172
1698
364
611
187
1231
1648
704
539
537
1701
258
1792
4
111
1515
859
817
941
1481
1194
342
899
208
1294
68
1153
666
1872
472
1744
901
1488
1626
1571
1762
732
443
1634
1027
1264
923
241
805
1416
236
461
339
508
1119
961
1672
1505
907
43
1823
1001
1432
863
1739
1748
952
1522
14
1524
1562
847
1479
76
571
1123
220
145
1375
1816
867
1568
383
360
912
1175
1691
18
1024
1585
688
330
1775
469
1897
1277
227
1406
1556
813
355
166
1093
1994
1835
942
500
120
188
623
731
343
1803
851
1189
1088
363
848
1512
1370
1541
939
1498
832
1244
1109
536
517
1998
721
1267
1255
1538
1865
944
42
815
527
504
1138
1516
1783
1359
1912
390
1896
1148
618
266
171
1010
734
795
1869
155
407
919
751
1531
1673
35
1465
1333
720
1825
1584
1601
633
1298
1921
1563
999
1457
1092
125
1918
410
