139
103
7
82
67
120
8
85
106
89
6
41
107
16
36
95
60
20
14
99
68
39
18
116
83
98
117
37
127
138
49
47
133
126
43
66
15
80
21
102
75
123
55
144
94
17
58
146
2
44
57
134
131
92
91
118
96
38
54
3
129
111
135
93
65
71
101
112
64
13
69
115
28
72
79
11
34
78
31
26
84
33
50
5
130
32
63
12
61
59
48
1
90
109
132
128
62
137
86
76
108
35
70
140
97
73
30
113
25
104
114
125
46
105
51
122
19
56
