1122
573
1015
348
406
1153
691
280
646
3545
1406
895
605
161
505
3520
3649
3436
1161
1535
110
3462
1074
805
759
871
1581
3322
1292
71
536
3413
3375
457
602
945
1372
1108
440
935
145
429
446
3432
1390
345
1049
3416
1401
615
269
642
377
580
165
826
730
3329
482
856
3593
1494
3313
919
1540
325
15
593
1031
1264
3632
3404
1466
454
897
892
350
3312
606
639
613
1576
3600
1598
114
1486
3478
483
3455
905
462
0
3397
81
746
600
3370
291
3438
866
3475
3372
1526
1365
3346
3458
1176
131
396
1566
941
3345
344
45
3310
1130
302
251
297
364
1607
1133
3394
3698
3524
1094
3361
1061
13
121
3446
184
496
952
981
1369
3326
1580
3572
1078
1048
734
372
1420
863
3433
996
192
50
3376
1419
1239
527
435
3472
1300
785
1229
1293
702
1522
1032
1180
38
1097
3556
354
409
3496
598
1609
3579
1023
3535
824
3382
285
3647
1249
1017
1606
3479
1100
3588
1473
579
3360
290
1643
229
1575
3608
3510
1197
966
1437
666
3448
154
3468
419
760
1374
1478
47
416
608
3526
1352
836
72
3589
3388
1546
1446
3327
1223
3321
1542
978
929
3625
423
3396
781
246
1162
1129
1234
771
708
212
1338
389
404
90
449
1075
1595
3344
1313
3598
3303
1588
1087
3538
412
355
528
844
586
1545
1349
1530
1384
383
3505
211
10
638
1145
533
891
1363
167
29
668
3595
802
833
3324
1331
3592
3576
712
1164
635
957
1568
1012
794
312
1516
1589
370
189
884
1376
178
743
3476
1503
3678
1439
3390
3354
3440
832
3451
1242
1335
206
3477
634
1357
749
1206
1538
544
1169
332
631
3534
3653
1066
976
1124
80
616
588
581
797
60
3466
3591
1106
122
732
1493
174
531
147
3661
445
88
1090
1040
1408
1251
3515
3571
91
260
3378
543
687
1119
850
557
1278
369
1143
3465
1623
3660
1183
939
840
503
39
346
553
3351
1265
1022
107
692
583
1064
3626
64
3464
984
275
1289
748
1421
728
3674
662
1126
745
1225
1502
95
237
1310
1378
1290
1199
365
3655
520
390
3652
3503
685
3431
3315
1355
511
967
584
1449
3373
1536
1149
1170
460
3319
1407
1009
1564
1256
3424
1506
869
1430
3481
1552
1011
1000
115
1200
1261
1320
207
776
1135
287
3363
596
1010
140
561
587
241
254
363
1632
731
295
1379
1286
739
1442
1619
1291
1360
439
729
158
3687
226
1364
3666
3412
111
3484
900
1432
356
1055
489
3597
437
1071
327
367
94
1321
1411
8
1120
322
243
3340
3332
74
3516
1492
481
979
780
706
3646
659
97
3522
878
484
1062
253
558
3512
132
1298
3386
137
36
1128
1497
1258
181
718
316
1388
1544
1451
899
1073
839
930
3460
3333
467
134
1288
340
1553
3377
387
428
1059
168
3620
1230
1539
820
959
1104
940
991
3439
188
271
861
994
480
227
1226
868
1548
1027
415
779
669
721
273
724
209
1311
126
3474
169
955
1561
556
1101
762
649
1475
1004
1158
155
1624
703
62
1567
3336
3401
1477
769
922
1586
578
3387
761
1043
990
3507
3343
961
688
1350
772
3644
565
644
486
414
1488
433
1448
3583
699
1177
3456
874
77
3517
1484
917
680
1500
6
927
3314
630
191
814
1057
278
3307
3447
3697
3543
3325
3568
213
311
3544
3658
736
677
1056
393
1248
1550
1625
1620
632
3689
1099
175
3529
3368
3587
768
1495
1184
1377
99
197
3581
3665
1270
950
108
472
263
777
1333
1329
1266
1557
655
876
240
3631
3406
23
1121
397
3532
701
1361
1147
1413
764
1602
1412
694
862
3349
954
547
3358
141
1533
867
607
101
411
518
1610
326
695
1387
1467
270
1640
349
1263
696
633
3594
846
920
1081
521
1138
1112
3679
1441
1612
3490
751
1086
494
3391
766
1373
357
934
89
305
1317
1485
138
256
421
1642
931
328
194
475
1555
1033
83
31
1233
1058
266
351
228
806
1212
3457
1254
3483
1016
379
73
151
973
1305
757
493
1443
1154
1499
853
750
1469
1253
76
3569
1340
1039
569
1152
3548
987
546
3669
977
1512
1089
670
782
37
647
744
492
925
3437
3471
752
258
63
838
42
1591
909
18
975
933
1050
337
3651
3675
3392
3393
972
1092
742
3302
763
3664
1080
663
1116
653
1069
562
1569
403
1302
3633
1217
3549
3621
652
199
3383
560
3434
611
3487
1175
3441
3668
324
3584
572
733
9
1307
530
3374
1275
725
296
837
3614
3381
852
176
1353
1559
3486
1435
1174
3493
1368
1424
170
3371
35
5
968
664
1003
1599
1195
914
3459
1629
491
672
143
597
889
1541
469
540
361
1626
3602
1028
3627
1618
3355
1472
651
1418
1504
989
201
3682
1611
1630
822
3685
1002
1238
3684
964
1414
150
148
1356
599
711
825
144
3575
1462
1301
943
995
1613
451
873
1279
3623
1570
152
1628
3562
1621
3677
257
901
1029
1523
1063
3696
612
12
3342
3454
1052
589
999
225
683
3435
1156
534
75
104
48
1198
3671
500
1244
1622
205
299
3537
1525
1208
948
1214
1605
656
3318
1616
1306
902
3400
3500
1228
477
1287
3508
1604
3402
551
239
1426
3521
146
601
1018
190
220
3442
1255
810
3366
1146
407
1528
3686
234
1463
465
582
153
1415
85
3599
1163
1636
307
890
3379
1491
1524
3301
3427
1422
378
942
3482
791
643
1125
118
801
1471
3350
529
812
1474
331
3617
1091
3418
92
283
508
3586
3616
697
466
988
1358
538
3519
570
461
918
690
969
1433
1434
1476
859
3299
123
678
1617
880
231
3630
609
1394
3550
1393
778
3567
3421
235
1006
1429
431
1296
3317
3554
1638
3311
1132
1179
3574
552
550
1182
1490
1572
335
1479
142
682
740
262
3558
962
1150
735
336
362
3560
1044
720
3607
422
1142
3690
282
3443
222
1038
3585
591
872
284
3384
628
1489
3367
1635
3356
120
112
3555
1343
1510
879
3403
563
1274
815
321
1498
660
3528
576
1631
233
1396
1354
980
485
622
1282
1496
14
592
661
997
924
1189
1111
648
1201
1262
595
436
464
3485
3553
157
452
1453
673
1336
1647
574
960
686
1236
3523
1211
1529
1634
799
1648
427
3389
926
3650
1088
3637
277
650
1213
106
847
3316
1328
1405
69
1334
793
1562
259
621
932
1299
3328
1519
3364
1105
179
1428
1649
3559
754
3641
1436
3531
1210
624
1085
3491
3414
61
329
1285
1257
3601
811
11
828
1637
3430
3428
380
849
3612
438
857
224
1219
133
951
392
1614
217
1371
3530
817
1231
3407
789
3618
1047
629
1157
842
1001
784
567
34
1639
3645
788
1037
3557
893
44
1603
956
1344
501
1641
3330
1118
1543
399
737
944
3643
230
1565
773
1070
455
982
903
186
1076
883
333
3547
281
1454
870
620
265
3636
3693
22
3673
474
96
835
3300
936
804
28
1280
314
537
341
441
196
865
1455
46
3683
1554
3681
502
1608
1168
1391
526
665
1398
3449
787
1134
758
1417
1036
3419
252
3422
915
1597
523
1194
3580
51
1203
221
490
714
1645
882
1468
813
1144
1517
172
3347
459
3309
998
218
3444
3615
1410
1322
1304
713
1240
1399
1114
1392
3504
1273
524
3546
7
3498
798
1042
250
1627
159
1295
515
937
420
1527
301
1573
79
1019
3501
821
3480
100
904
294
1585
1205
912
604
698
1072
858
1330
3489
1083
541
3304
3357
453
755
3624
983
3694
1382
68
827
21
1644
1241
1020
1459
413
59
911
1375
887
245
517
3369
3495
1556
1596
689
577
532
627
418
214
136
3398
1594
1577
3609
522
304
1458
585
3518
1267
875
1507
1102
693
1461
1323
78
53
458
3663
514
783
894
928
504
198
1021
3445
886
49
30
1259
1505
1584
509
3619
162
187
394
54
1315
1578
195
568
1450
3629
1115
353
1025
1483
1370
1590
1456
705
1247
675
244
1531
1284
315
1431
405
3573
3604
216
319
1065
1268
906
908
495
4
830
3525
3564
1110
3305
3596
376
1425
1271
1416
3380
149
774
3635
770
1082
1151
1571
898
3582
1140
3561
1187
488
507
3341
843
1123
410
103
707
1600
360
93
1186
1464
963
3657
125
279
516
3497
3667
3425
1131
1460
525
1445
40
3417
1014
719
1250
571
1243
470
3692
3452
171
710
200
25
1272
513
519
102
26
3337
1013
1113
965
183
210
803
910
767
204
1159
268
272
603
2
309
816
938
1167
385
318
1395
549
292
3509
286
1511
921
953
16
1465
424
1224
1041
3662
499
334
545
717
722
3527
3420
417
3540
1332
1633
1172
3469
756
3405
674
3642
1181
809
3335
1221
3467
1400
1260
320
264
43
1148
555
3578
3308
1380
1560
24
261
1318
992
3628
1215
3409
1501
1096
3494
398
3331
658
1444
3676
1389
3320
715
3577
1534
667
3297
1326
1005
471
765
300
3338
1558
1
3695
