94
218
147
279
132
278
116
158
108
270
273
30
164
112
337
216
13
105
91
173
282
305
343
170
23
60
136
302
177
127
54
102
220
213
287
59
259
243
325
133
64
207
90
328
163
101
217
77
189
201
11
228
321
211
252
313
85
320
131
161
214
236
88
335
245
144
290
69
137
317
190
33
274
89
165
55
179
5
227
186
197
219
311
118
255
149
168
277
208
200
253
295
181
22
81
262
150
309
194
70
48
205
271
319
3
171
25
119
142
261
300
281
57
338
304
141
247
199
148
269
222
129
7
38
80
95
36
128
267
124
198
16
339
73
238
341
180
206
268
32
240
215
303
37
244
231
256
315
1
162
209
156
68
153
