370
482
433
361
543
717
398
264
237
77
746
95
148
512
432
458
250
153
112
320
438
215
520
150
503
537
722
515
395
383
456
343
396
493
546
324
152
97
220
430
748
40
109
544
449
390
129
406
496
267
564
450
144
439
354
469
202
334
391
145
485
328
332
528
12
540
124
217
249
719
333
386
312
160
68
308
589
460
473
709
232
42
467
462
273
411
84
234
314
530
24
98
39
421
521
255
233
188
414
351
409
523
357
325
428
368
436
238
394
177
38
146
106
480
316
151
483
459
454
455
447
470
538
444
214
253
348
226
70
247
519
525
102
484
475
336
15
372
477
335
291
491
331
66
147
479
452
164
235
453
329
100
547
435
393
481
258
581
539
204
451
385
256
143
431
83
749
304
269
440
487
319
465
448
441
155
326
437
35
545
36
522
113
203
524
392
745
516
501
422
374
426
371
224
87
65
399
156
309
311
128
31
345
110
126
364
327
76
442
526
180
365
446
489
373
225
362
429
254
378
337
419
218
359
472
598
92
427
478
222
517
461
434
542
363
463
