50
421
254
265
292
76
46
385
281
431
284
347
236
101
327
88
133
150
167
32
169
148
53
263
24
6
269
432
215
374
27
35
170
455
200
127
206
77
195
217
445
345
438
239
452
307
158
270
156
342
283
463
380
128
253
55
330
429
197
94
315
74
84
82
300
234
376
18
290
355
393
198
417
151
405
38
397
341
67
464
61
142
250
121
272
396
398
399
3
106
63
222
29
70
97
155
298
280
137
264
459
42
100
78
305
65
447
401
237
288
318
348
267
72
451
81
80
408
153
112
224
52
36
225
369
363
368
402
389
113
255
410
462
456
25
188
365
419
83
96
322
48
191
256
0
321
205
392
433
187
87
149
409
125
436
211
49
441
391
278
308
114
103
229
356
257
174
248
279
216
98
34
406
238
66
207
414
411
40
203
184
364
381
213
226
31
68
326
120
458
444
95
218
190
273
59
446
7
86
13
325
366
232
122
244
39
465
261
210
89
47
233
375
293
85
386
295
373
377
37
379
177
306
454
245
412
107
331
416
359
287
1
196
390
243
180
221
358
164
110
192
139
413
291
235
277
73
240
223
162
138
161
165
453
420
20
314
337
209
241
333
173
428
403
439
4
294
388
332
328
130
311
104
442
424
383
136
394
99
91
186
62
309
204
319
371
175
382
41
289
437
343
