271
346
386
312
333
262
214
326
16
109
45
314
152
100
190
191
362
233
40
293
221
372
383
8
114
48
209
6
200
135
255
341
321
32
166
318
137
356
311
103
87
344
276
216
296
22
5
75
378
116
10
149
369
157
404
263
0
59
34
203
376
389
270
4
251
155
373
18
331
196
181
121
7
91
74
138
374
215
161
94
124
102
370
182
400
44
275
125
392
206
330
192
39
113
385
65
213
20
259
179
14
217
150
117
381
360
379
186
220
83
377
328
112
325
154
95
264
364
180
322
169
337
128
15
212
36
134
273
366
297
133
207
204
395
211
86
127
310
43
151
92
250
334
160
38
401
146
26
315
254
61
163
348
23
76
147
67
56
309
305
119
11
375
365
53
295
55
320
52
340
162
64
21
90
164
185
159
398
402
252
158
141
144
177
324
70
142
301
153
187
175
253
261
268
327
132
148
140
85
289
68
46
265
257
218
101
351
49
219
63
129
300
57
399
323
27
258
172
368
317
24
184
51
387
299
367
69
35
342
79
111
50
303
260
194
108
391
361
338
274
131
130
84
256
41
13
363
89
33
139
156
60
47
77
371
193
